00000000010100000000000010010011
00000000101000000000000100010011
00000000001000001000000110110011
01000000000100010000001000110011
00000000001000001111001010110011
00000000001000001110001100110011
00000000001000001100001110110011
00000000000100001001010000110011
00000000000100010101010010110011
11111111000000000000010100010011
01000000000101010101010110110011
00000000001100001100011000010011
00000000001000001110011010010011
00000000011100010111011100010011
00000000100000001010011110010011
00000110010000000000100000010011
00000000001110000010000000100011
00000000000010000010100010000011
00000000001110001000010001100011
00000110111100000000100100010011
00000000001000001001010001100011
00001101111000000000100100010011
00000000001000001100010001100011
00010100110100000000100100010011
00000000000100010101010001100011
00011011110000000000100100010011
00000000001010111001100110110111
00000000000000000000101000010111
00000000100000000000101011101111
00111110011100000000101100010011
00000000000010101000101111100111
00000010101000000000110000010011
