00000000000000000000000000000000
00010000000000000000000000000000
00010000000000000000000000000100
00010000000000000000000000001000
00010000000000000000000000001100
00000000000000000000000000000000
00000000000000000000000000000000
00000000000000000000000000000000
00000000000000000000000000000000
00000000000000000000000000000000
11111111111111111111111111011101
11111111111111111111111111001100
11111111111111111111111110111011
11111111111111111111111110101010
00000000000000000000000011011101
00000000000000000000000010101010
11111111111111111100110011011101
11111111111111111010101010111011
00000000000000001100110011011101
00000000000000001010101010111011
10101010101110111100110011011101
00000000000000000000000011101111
00000000000000001011111011101111
11011110101011011011111011101111
00010001000100010001000111101111
00100010001000101011111011101111
11011110101011011011111011101111
00000000000000000000000000000000
00000000000000000000000000000000
00000000000000000000000000000000
00000000000000000000000000000000
00000000000000000000000000000000
